power uint16_t rawData[35] = {9006, 4482,  506, 2224,  504, 4474,  512, 2226,  504, 4470,  518, 2206,  524, 2216,  516, 2224,  504, 2222,  508, 2204,  526, 2212,  516, 2226,  504, 2218,  514, 2224,  506, 4482,  506, 4466,  522, 2226,  504};  // UNKNOWN 47AF3B4A
guide uint16_t rawData[35] = {9008, 4464,  522, 2228,  502, 2226,  502, 2210,  520, 2222,  508, 4484,  504, 4468,  518, 2216,  514, 2210,  520, 2228,  502, 2204,  524, 2224,  506, 2204,  524, 4484,  502, 2226,  504, 4484,  502, 4484,  504};  // UNKNOWN E9C74319
exit uint16_t rawData[35] = {9006, 4482,  504, 2216,  514, 4466,  520, 2208,  520, 2226,  504, 4462,  526, 2208,  520, 2210,  520, 2222,  508, 2218,  512, 2226,  504, 2226,  502, 2222,  508, 4464,  524, 2220,  508, 4466,  520, 4464,  524};  // UNKNOWN 2935B9A7
info uint16_t rawData[35] = {9006, 4482,  504, 4474,  514, 4482,  504, 2206,  524, 2226,  504, 4484,  504, 4480,  508, 2224,  504, 2218,  512, 2218,  510, 2204,  524, 2226,  504, 2204,  526, 2222,  508, 4460,  526, 2224,  504, 4478,  510};  // UNKNOWN 4666CC0D
menu uint16_t rawData[35] = {9008, 4470,  514, 4468,  520, 2226,  504, 2208,  522, 4466,  520, 4466,  522, 2226,  502, 2226,  506, 2210,  518, 2226,  502, 2222,  508, 2206,  524, 2210,  520, 2208,  520, 4466,  522, 4484,  504, 2208,  520};  // UNKNOWN 19EB3488
settings uint16_t rawData[35] = {9004, 4482,  502, 4464,  526, 2206,  522, 2216,  514, 2214,  516, 2222,  506, 2226,  504, 4484,  502, 2226,  504, 2204,  526, 2224,  504, 2218,  510, 2210,  520, 4484,  502, 4464,  522, 2206,  524, 4476,  512};  // UNKNOWN 9DE1387D
up uint16_t rawData[35] = {8998, 4484,  502, 2226,  502, 2228,  502, 4484,  502, 2228,  502, 4472,  514, 4468,  518, 2226,  502, 2230,  500, 2206,  524, 2206,  524, 2218,  512, 2226,  502, 4484,  502, 2226,  502, 2228,  502, 4484,  502};  // UNKNOWN 2C2E80FF
down uint16_t rawData[35] = {9004, 4484,  502, 4478,  510, 2228,  500, 4486,  502, 2228,  502, 4470,  516, 4486,  502, 2226,  502, 2224,  504, 2228,  502, 2228,  502, 2228,  502, 2228,  500, 2228,  502, 2228,  502, 2228,  500, 4486,  502};  // UNKNOWN 5A1A483D
left uint16_t rawData[35] = {8990, 4484,  502, 2226,  502, 4486,  500, 4486,  502, 2228,  502, 4486,  502, 4482,  504, 2216,  514, 2222,  508, 2222,  506, 2228,  502, 2206,  524, 2228,  502, 4486,  502, 4486,  502, 4486,  502, 2226,  504};  // UNKNOWN 9578646A
right uint16_t rawData[35] = {9014, 4472,  508, 4460,  526, 4482,  504, 4464,  524, 2218,  514, 4466,  522, 4468,  520, 2212,  516, 2214,  516, 2204,  526, 2220,  508, 2220,  508, 2204,  526, 2224,  504, 4484,  504, 4484,  504, 2216,  514};  // UNKNOWN DC18602C
okay uint16_t rawData[35] = {9006, 4466,  522, 4480,  508, 2218,  512, 2212,  516, 2222,  508, 4482,  506, 2204,  524, 2224,  506, 2208,  520, 2222,  508, 2226,  504, 2210,  518, 2222,  506, 2226,  504, 4462,  526, 4462,  524, 4468,  520};  // UNKNOWN CB3CC07F
dayPlus uint16_t rawData[35] = {9008, 4478,  508, 2220,  508, 2224,  506, 2214,  516, 4464,  522, 4484,  504, 4484,  504, 2206,  524, 2206,  524, 2202,  528, 2206,  522, 2220,  510, 2206,  524, 4462,  524, 2226,  504, 4466,  522, 2224,  504};  // UNKNOWN 3875B722
dayMinus uint16_t rawData[35] = {9004, 4478,  508, 4480,  508, 2222,  506, 2204,  526, 4472,  514, 4482,  506, 4466,  520, 2206,  524, 2214,  516, 2220,  510, 2226,  506, 2212,  516, 2208,  522, 2216,  514, 2208,  522, 4482,  504, 2208,  522};  // UNKNOWN 401C2B6C
pagePlus uint16_t rawData[35] = {9032, 4462,  522, 2228,  504, 4470,  518, 2204,  524, 4474,  512, 4484,  504, 4484,  504, 2220,  508, 2208,  520, 2206,  524, 2224,  504, 2222,  508, 2222,  508, 4474,  512, 4484,  504, 2204,  526, 2178,  550};  // UNKNOWN 603F1D32
pageMinus uint16_t rawData[35] = {9004, 4462,  522, 4484,  504, 4484,  504, 2226,  504, 4478,  508, 4484,  504, 4482,  504, 2202,  526, 2204,  526, 2226,  504, 2226,  502, 2226,  504, 2226,  504, 2204,  524, 4482,  506, 2224,  506, 2204,  526};  // UNKNOWN 9715433C
a uint16_t rawData[35] = {9002, 4462,  524, 4468,  520, 4464,  524, 4478,  510, 2224,  504, 4484,  504, 2212,  516, 2226,  504, 2208,  522, 2222,  508, 2206,  524, 2208,  520, 2226,  504, 2222,  508, 2204,  524, 2226,  504, 4462,  526};  // UNKNOWN DCC99F1F
b uint16_t rawData[35] = {9008, 4478,  508, 4484,  504, 4484,  506, 4472,  516, 2220,  508, 2226,  504, 4482,  504, 2212,  520, 2204,  526, 2208,  522, 2226,  504, 2224,  504, 2212,  518, 4472,  516, 4480,  508, 4482,  504, 2226,  506};  // UNKNOWN CFEF4134
c uint16_t rawData[35] = {9004, 4464,  522, 2224,  506, 2224,  506, 2208,  520, 4480,  508, 2210,  520, 4482,  506, 2214,  514, 2208,  522, 2204,  524, 2206,  524, 2204,  524, 2226,  504, 2208,  522, 4484,  504, 4484,  504, 2224,  504};  // UNKNOWN FC67AFAE
d uint16_t rawData[35] = {9000, 4484,  504, 4472,  516, 2224,  506, 2224,  504, 4462,  524, 2226,  504, 4484,  504, 2216,  512, 2206,  526, 2224,  504, 2210,  520, 2226,  504, 2210,  520, 4462,  526, 2226,  504, 4480,  508, 2206,  524};  // UNKNOWN EFBE2D68
fav uint16_t rawData[35] = {9006, 4484,  504, 4464,  524, 2218,  512, 4480,  508, 2204,  524, 4484,  502, 2226,  504, 2204,  526, 2204,  524, 2212,  518, 2218,  512, 2226,  506, 2206,  524, 2220,  508, 4462,  524, 2226,  504, 4484,  502};  // UNKNOWN 9F7ED203
channelPlus uint16_t rawData[35] = {9006, 4476,  512, 4472,  514, 4484,  504, 2206,  524, 4462,  526, 2206,  524, 2204,  526, 2212,  518, 2222,  506, 2226,  504, 2210,  520, 2208,  522, 2226,  504, 4464,  524, 2224,  504, 4480,  508, 2204,  524};  // UNKNOWN 8A67822
channelMinus uint16_t rawData[35] = {8992, 4484,  504, 2208,  520, 2214,  516, 4462,  524, 4484,  504, 2208,  522, 2226,  504, 2210,  520, 2204,  524, 2208,  522, 2226,  504, 2222,  506, 2226,  502, 2216,  516, 2204,  524, 4484,  504, 2206,  524};  // UNKNOWN FBACE420
last uint16_t rawData[35] = {9006, 4484,  504, 4462,  526, 4464,  522, 2206,  524, 2226,  506, 4482,  504, 2218,  512, 2226,  504, 2208,  520, 2224,  504, 2206,  524, 2224,  506, 2206,  524, 2220,  510, 2226,  504, 4468,  520, 4484,  504};  // UNKNOWN E28725E3
skip uint16_t rawData[35] = {9010, 4466,  522, 4470,  518, 4466,  520, 4478,  510, 4484,  504, 4484,  504, 4482,  504, 2226,  504, 2226,  504, 2224,  506, 2222,  508, 2204,  526, 2226,  504, 2208,  520, 4486,  502, 4472,  516, 4484,  504};  // UNKNOWN BDD4796D
demand uint16_t rawData[35] = {9006, 4484,  504, 4462,  524, 4476,  510, 4484,  504, 2214,  514, 2218,  512, 4484,  506, 2206,  522, 2226,  504, 2226,  504, 2224,  506, 2212,  518, 2206,  526, 4484,  502, 4472,  516, 4470,  516, 2222,  508};  // UNKNOWN 56A79238
music uint16_t rawData[35] = {8984, 4484,  502, 2208,  526, 2224,  504, 2220,  510, 2222,  508, 4462,  524, 2198,  532, 2212,  518, 2224,  504, 2226,  504, 2186,  542, 2218,  512, 2210,  520, 4484,  504, 4470,  518, 4484,  504, 4462,  526};  // UNKNOWN 3AACEF83
backSkip uint16_t rawData[35] = {8984, 4478,  510, 2214,  516, 2218,  510, 4468,  518, 4472,  516, 4484,  504, 4466,  524, 2226,  502, 2228,  504, 2226,  504, 2206,  524, 2218,  512, 2206,  524, 4484,  502, 2206,  524, 2226,  504, 2218,  512};  // UNKNOWN 7A68C48
list uint16_t rawData[35] = {9006, 4474,  516, 4482,  504, 2208,  522, 4470,  518, 4464,  524, 4486,  502, 4484,  504, 2204,  524, 2204,  526, 2218,  512, 2208,  522, 2222,  508, 2206,  522, 2206,  524, 2204,  526, 2222,  508, 2208,  520};  // UNKNOWN AE7CDBE
live uint16_t rawData[35] = {9006, 4464,  524, 2222,  508, 4484,  504, 4484,  504, 4476,  512, 4484,  504, 4482,  506, 2224,  506, 2208,  522, 2224,  506, 2226,  504, 2222,  506, 2226,  504, 4462,  524, 4466,  522, 4476,  512, 4462,  524};  // UNKNOWN 70F06FB7
rewind uint16_t rawData[35] = {9000, 4482,  504, 2204,  524, 4484,  504, 4482,  506, 4484,  504, 4466,  522, 2222,  508, 2208,  520, 2226,  504, 2206,  524, 2214,  516, 2208,  520, 2206,  524, 4464,  524, 2222,  508, 2206,  524, 2226,  504};  // UNKNOWN FEF03E2C
play uint16_t rawData[35] = {9000, 4484,  504, 4464,  524, 4482,  504, 2222,  508, 4484,  504, 4474,  514, 2212,  520, 2216,  512, 2206,  524, 2226,  504, 2226,  504, 2216,  512, 2226,  502, 2214,  516, 2208,  522, 4466,  522, 2204,  524};  // UNKNOWN 313599EC
fastForward uint16_t rawData[35] = {9002, 4462,  526, 4480,  508, 2218,  512, 4464,  524, 4476,  510, 4480,  508, 2208,  522, 2210,  520, 2206,  522, 2220,  510, 2226,  504, 2206,  524, 2226,  504, 2218,  512, 4482,  506, 2224,  506, 2206,  524};  // UNKNOWN 66E97044
stop uint16_t rawData[35] = {9002, 4466,  520, 2226,  504, 2214,  516, 4464,  524, 4474,  514, 4482,  504, 2216,  514, 2226,  504, 2206,  522, 2216,  514, 2206,  524, 2212,  518, 2220,  508, 4470,  518, 4478,  510, 2226,  504, 2226,  504};  // UNKNOWN D6599F48
pause uint16_t rawData[35] = {8996, 4484,  504, 4478,  510, 4464,  524, 4482,  506, 4484,  504, 4468,  520, 2206,  524, 2226,  502, 2226,  504, 2226,  504, 2224,  504, 2222,  508, 2208,  522, 2224,  504, 2208,  522, 2206,  524, 2212,  518};  // UNKNOWN D922D768
record uint16_t rawData[35] = {9006, 4466,  522, 4462,  524, 2204,  526, 2214,  516, 2206,  524, 4482,  506, 4464,  524, 2218,  514, 2224,  504, 2204,  526, 2226,  504, 2206,  524, 2226,  504, 2224,  506, 2222,  508, 4462,  524, 4482,  504};  // UNKNOWN F16DB763
1 uint16_t rawData[35] = {9026, 4462,  524, 4484,  504, 2226,  504, 2222,  508, 2220,  510, 2204,  524, 2216,  514, 2226,  504, 2224,  504, 2206,  524, 2206,  524, 2224,  504, 2206,  524, 4476,  512, 4484,  504, 4472,  516, 4468,  518};  // UNKNOWN 92DF9279
2 uint16_t rawData[35] = {8994, 4482,  506, 2226,  504, 4468,  520, 2226,  504, 2206,  524, 2206,  524, 2226,  504, 2208,  522, 2224,  504, 2208,  520, 2226,  502, 2226,  504, 2208,  520, 2218,  512, 4476,  512, 4464,  524, 4472,  516};  // UNKNOWN 87CDD0EF
3 uint16_t rawData[35] = {8990, 4482,  504, 4464,  524, 4484,  504, 2226,  504, 2226,  504, 2206,  524, 2222,  508, 2218,  512, 2204,  526, 2204,  526, 2216,  514, 2220,  508, 2224,  506, 4466,  522, 2226,  504, 4482,  504, 4468,  520};  // UNKNOWN 37788763
4 uint16_t rawData[35] = {9006, 4468,  520, 2208,  522, 2204,  526, 4484,  502, 2208,  524, 2210,  520, 2226,  504, 2224,  506, 2226,  504, 2226,  504, 2226,  504, 2214,  514, 2208,  522, 2226,  504, 2226,  504, 4476,  512, 4466,  522};  // UNKNOWN A519853B
5 uint16_t rawData[35] = {9006, 4482,  504, 4482,  504, 2226,  504, 4466,  522, 2226,  504, 2220,  508, 2226,  504, 2206,  522, 2222,  508, 2214,  514, 2212,  518, 2226,  504, 2206,  524, 4464,  524, 4484,  504, 2206,  524, 4464,  526};  // UNKNOWN 5CDD8FBD
6 uint16_t rawData[35] = {9004, 4466,  522, 2224,  506, 4470,  518, 4482,  508, 2204,  526, 2224,  504, 2194,  536, 2216,  512, 2212,  518, 2216,  512, 2224,  506, 2214,  514, 2226,  504, 2212,  518, 4462,  524, 2208,  522, 4464,  524};  // UNKNOWN 42DD49
7 uint16_t rawData[35] = {9008, 4460,  526, 4464,  524, 4466,  522, 4464,  524, 2212,  518, 2226,  504, 2226,  504, 2210,  520, 2210,  520, 2226,  504, 2226,  504, 2206,  522, 2208,  524, 4464,  524, 2204,  526, 2224,  504, 4482,  506};  // UNKNOWN 31BB009F
8 uint16_t rawData[35] = {9004, 4472,  516, 2204,  526, 2212,  516, 2228,  502, 4482,  504, 2206,  524, 2226,  504, 2208,  522, 2208,  522, 2220,  510, 2208,  522, 2204,  526, 2204,  526, 2200,  530, 2218,  510, 2222,  508, 4484,  504};  // UNKNOWN 153F90A7
9 uint16_t rawData[35] = {9006, 4462,  524, 4470,  518, 2208,  522, 2226,  504, 4482,  504, 2226,  504, 2210,  518, 2206,  524, 2226,  504, 2204,  526, 2224,  506, 2204,  524, 2226,  504, 4484,  504, 4466,  522, 4462,  524, 2206,  524};  // UNKNOWN 6872B60C
0 uint16_t rawData[35] = {8986, 4476,  512, 2206,  524, 2224,  506, 2224,  506, 2210,  520, 2220,  508, 2210,  520, 2204,  524, 2206,  524, 2208,  522, 2226,  504, 2210,  518, 2226,  504, 2210,  520, 2208,  520, 2218,  512, 2204,  526};  // UNKNOWN 6E56F924
* uint16_t rawData[35] = {9002, 4462,  526, 2204,  524, 4482,  504, 2226,  504, 2226,  504, 2222,  508, 2216,  514, 4464,  526, 2220,  510, 2212,  518, 2206,  524, 2212,  516, 2204,  524, 2204,  526, 4482,  504, 2226,  504, 4478,  510};  // UNKNOWN F06561F3
# uint16_t rawData[35] = {9004, 4480,  508, 2202,  528, 2208,  520, 2206,  524, 2226,  504, 2184,  546, 2226,  504, 4484,  506, 2204,  524, 2226,  504, 2220,  510, 2206,  524, 2226,  504, 2206,  524, 2210,  520, 4464,  524, 4482,  504};  // UNKNOWN E61D2DFB
pipPower uint16_t rawData[35] = {9004, 4464,  522, 2226,  504, 4480,  508, 2208,  522, 2220,  510, 2180,  548, 4484,  504, 2220,  510, 2226,  504, 2226,  504, 2224,  506, 2208,  520, 2206,  524, 2226,  504, 2224,  504, 4484,  504, 4484,  504};  // UNKNOWN AC101205
pipSwap uint16_t rawData[35] = {9006, 4482,  504, 4468,  520, 4462,  524, 2226,  504, 2208,  522, 2226,  504, 4442,  544, 2206,  524, 2204,  526, 2216,  514, 2208,  522, 2210,  518, 2206,  526, 4462,  524, 4464,  524, 2226,  504, 4482,  504};  // UNKNOWN 3A3DAD15
pipMove uint16_t rawData[35] = {9006, 4470,  518, 2222,  508, 2222,  508, 4462,  526, 2220,  510, 2218,  512, 4464,  524, 2226,  504, 2212,  518, 2206,  524, 2210,  520, 2204,  526, 2212,  516, 2212,  518, 4484,  504, 2224,  504, 4474,  514};  // UNKNOWN F4D28FAB
pipPlus uint16_t rawData[35] = {9002, 4468,  520, 4468,  520, 2204,  526, 4472,  514, 2220,  510, 2210,  520, 4482,  504, 2204,  526, 2226,  504, 2216,  512, 2212,  518, 2208,  522, 2202,  526, 4484,  504, 2214,  516, 2214,  516, 4482,  504};  // UNKNOWN 65F673FB
pipMinus uint16_t rawData[35] = {9004, 4478,  510, 2204,  526, 4464,  524, 4466,  520, 2206,  526, 2204,  524, 4478,  510, 2224,  504, 2218,  510, 2206,  524, 2204,  526, 2218,  510, 2208,  522, 2204,  524, 2210,  522, 2204,  526, 4464,  524};  // UNKNOWN A6B7B7C9
pipSource uint16_t rawData[35] = {9002, 4464,  524, 2226,  502, 2210,  520, 4470,  518, 2222,  508, 4480,  508, 2208,  522, 2208,  522, 2226,  504, 2208,  522, 2222,  506, 2206,  522, 2208,  524, 4462,  524, 4466,  522, 2222,  508, 4460,  526};  // UNKNOWN FAE193FF
